Started noraml game of 3 pair by "deep search!"
[0, 0, 0, 0, 0, 0, 0]
[0, 0, 0, 0, 0, 2, 2]
[0, 0, 0, 0, 2, 2, 2]
[0, 0, 0, 0, 2, 0, 0]
[0, 0, 0, 2, 2, 2, 2]
[0, 0, 0, 2, 2, 0, 0]
[2, 2, 0, 2, 2, 0, 2]
[2, 0, 0, 2, 0, 0, 0]
[2, 0, 2, 2, 0, 2, 2]
[0, 0, 2, 0, 0, 2, 0]
[0, 2, 2, 0, 2, 2, 2]
[0, 2, 0, 0, 2, 0, 0]
[2, 2, 2, 0, 2, 0, 2]
[2, 2, 2, 0, 0, 0, 0]
[2, 2, 2, 0, 0, 2, 2]
[2, 2, 2, 0, 2, 2, 2]
[2, 2, 2, 0, 2, 0, 0]
[2, 2, 2, 2, 2, 2, 2]
Finished!
the number of node searched: 18
[0, 0, 0, 0, 0, 0, 0]
[0, 0, 0, 0, 2, 2, 2]
[0, 0, 0, 0, 2, 0, 0]
[0, 0, 0, 2, 2, 2, 2]
[0, 0, 0, 2, 2, 0, 0]
[2, 2, 0, 2, 2, 0, 2]
[2, 0, 0, 2, 0, 0, 0]
[2, 0, 2, 2, 0, 2, 2]
[0, 0, 2, 0, 0, 2, 0]
[0, 2, 2, 0, 2, 2, 2]
[0, 2, 0, 0, 2, 0, 0]
[2, 2, 2, 0, 2, 0, 2]
[2, 2, 2, 0, 0, 0, 0]
[2, 2, 2, 0, 2, 2, 2]
[2, 2, 2, 0, 2, 0, 0]
[2, 2, 2, 2, 2, 2, 2]
Goal!
The depth of goal: 16

Started noraml game of 3 pair by "wide search!"
[0, 0, 0, 0, 0, 0, 0]
[2, 0, 0, 2, 0, 0, 2]
[0, 2, 0, 0, 2, 0, 2]
[0, 0, 2, 0, 0, 2, 2]
[0, 0, 0, 2, 0, 0, 2]
[0, 0, 0, 2, 2, 0, 2]
[0, 0, 0, 2, 0, 2, 2]
[0, 0, 0, 0, 2, 0, 2]
[0, 0, 0, 0, 2, 2, 2]
[0, 0, 0, 0, 0, 2, 2]
[0, 0, 0, 2, 0, 0, 0]
[0, 0, 0, 0, 2, 0, 0]
[0, 0, 0, 0, 0, 2, 0]
[0, 0, 0, 2, 2, 2, 2]
[0, 0, 0, 0, 2, 2, 0]
[0, 0, 0, 2, 0, 2, 0]
[0, 0, 0, 2, 2, 0, 0]
[0, 2, 2, 0, 2, 2, 2]
[2, 0, 2, 2, 0, 2, 2]
[2, 2, 0, 2, 2, 0, 2]
[0, 0, 2, 0, 0, 2, 0]
[0, 2, 0, 0, 2, 0, 0]
[2, 0, 0, 2, 0, 0, 0]
[2, 2, 2, 0, 0, 2, 2]
[2, 2, 2, 0, 2, 0, 2]
[2, 2, 2, 2, 0, 0, 2]
[2, 2, 2, 0, 0, 0, 0]
[2, 2, 2, 2, 2, 0, 2]
[2, 2, 2, 2, 0, 2, 2]
[2, 2, 2, 0, 2, 2, 2]
[2, 2, 0, 2, 2, 0, 0]
[2, 2, 2, 2, 2, 2, 2]
Finished!
the number of node searched: 45
[0, 0, 0, 0, 0, 0, 0]
[2, 0, 0, 2, 0, 0, 2]
[0, 0, 0, 2, 0, 0, 0]
[0, 0, 0, 2, 2, 2, 2]
[0, 0, 0, 0, 2, 2, 0]
[0, 2, 2, 0, 2, 2, 2]
[0, 0, 2, 0, 0, 2, 0]
[2, 2, 2, 0, 0, 2, 2]
[2, 2, 2, 0, 0, 0, 0]
[2, 2, 2, 2, 2, 0, 2]
[2, 2, 0, 2, 2, 0, 0]
[2, 2, 2, 2, 2, 2, 2]
Goal!
The depth of goal: 12

Started noraml game of 3 pair by "A search!"
[0, 0, 0, 0, 0, 0, 0]
[2, 0, 0, 2, 0, 0, 2]
[0, 2, 0, 0, 2, 0, 2]
[0, 0, 0, 2, 0, 0, 0]
[0, 0, 0, 2, 2, 2, 2]
[0, 0, 0, 2, 0, 2, 0]
[2, 0, 2, 2, 0, 2, 2]
[2, 0, 0, 2, 0, 0, 0]
[2, 2, 2, 2, 0, 0, 2]
[2, 2, 2, 0, 0, 0, 0]
[2, 2, 2, 2, 2, 0, 2]
[2, 2, 2, 2, 0, 0, 0]
[2, 2, 2, 2, 2, 2, 2]
Finished!
the number of node searched: 13
[0, 0, 0, 0, 0, 0, 0]
[2, 0, 0, 2, 0, 0, 2]
[0, 0, 0, 2, 0, 0, 0]
[0, 0, 0, 2, 2, 2, 2]
[0, 0, 0, 2, 0, 2, 0]
[2, 0, 2, 2, 0, 2, 2]
[2, 0, 0, 2, 0, 0, 0]
[2, 2, 2, 2, 0, 0, 2]
[2, 2, 2, 0, 0, 0, 0]
[2, 2, 2, 2, 2, 0, 2]
[2, 2, 2, 2, 0, 0, 0]
[2, 2, 2, 2, 2, 2, 2]
Goal!
The depth of goal: 12

