Started island game including direct boat move of 4 pair by "A search!"
[0, 0, 0, 0, 0, 0, 0, 0, 0]
[2, 0, 0, 0, 2, 0, 0, 0, 2]
[1, 0, 0, 0, 2, 0, 0, 0, 1]
[0, 0, 0, 0, 2, 0, 0, 0, 0]
[0, 1, 0, 0, 2, 1, 0, 0, 1]
[0, 1, 0, 0, 2, 2, 0, 0, 2]
[0, 1, 0, 0, 0, 2, 0, 0, 0]
[0, 1, 1, 0, 0, 2, 1, 0, 1]
[0, 2, 1, 0, 0, 2, 1, 0, 2]
[0, 1, 1, 0, 0, 1, 1, 0, 1]
[0, 2, 2, 0, 0, 1, 1, 0, 2]
[0, 2, 0, 0, 0, 1, 1, 0, 0]
[2, 2, 0, 0, 2, 1, 1, 0, 2]
[2, 2, 0, 0, 1, 1, 1, 0, 1]
[2, 2, 0, 0, 2, 2, 1, 0, 2]
[2, 2, 0, 0, 1, 2, 1, 0, 1]
[2, 2, 0, 0, 1, 2, 0, 0, 0]
[2, 2, 2, 2, 1, 2, 0, 0, 2]
[2, 2, 2, 2, 1, 0, 0, 0, 0]
[2, 2, 2, 2, 1, 0, 2, 2, 2]
[2, 2, 2, 2, 1, 0, 0, 2, 0]
[2, 2, 2, 2, 1, 2, 2, 2, 2]
[2, 2, 2, 2, 1, 0, 2, 2, 0]
[2, 2, 2, 2, 1, 1, 2, 2, 1]
[2, 2, 2, 2, 2, 2, 2, 2, 2]
Finished!
the number of node searched: 25
[0, 0, 0, 0, 0, 0, 0, 0, 0]
[2, 0, 0, 0, 2, 0, 0, 0, 2]
[1, 0, 0, 0, 2, 0, 0, 0, 1]
[0, 0, 0, 0, 2, 0, 0, 0, 0]
[0, 1, 0, 0, 2, 1, 0, 0, 1]
[0, 1, 0, 0, 2, 2, 0, 0, 2]
[0, 1, 0, 0, 0, 2, 0, 0, 0]
[0, 1, 1, 0, 0, 2, 1, 0, 1]
[0, 2, 1, 0, 0, 2, 1, 0, 2]
[0, 1, 1, 0, 0, 1, 1, 0, 1]
[0, 2, 2, 0, 0, 1, 1, 0, 2]
[0, 2, 0, 0, 0, 1, 1, 0, 0]
[2, 2, 0, 0, 2, 1, 1, 0, 2]
[2, 2, 0, 0, 1, 1, 1, 0, 1]
[2, 2, 0, 0, 2, 2, 1, 0, 2]
[2, 2, 0, 0, 1, 2, 1, 0, 1]
[2, 2, 0, 0, 1, 2, 0, 0, 0]
[2, 2, 2, 2, 1, 2, 0, 0, 2]
[2, 2, 2, 2, 1, 0, 0, 0, 0]
[2, 2, 2, 2, 1, 0, 2, 2, 2]
[2, 2, 2, 2, 1, 0, 0, 2, 0]
[2, 2, 2, 2, 1, 2, 2, 2, 2]
[2, 2, 2, 2, 1, 0, 2, 2, 0]
[2, 2, 2, 2, 1, 1, 2, 2, 1]
[2, 0, 0, 0, 2, 0, 0, 0, 2]
[1, 0, 0, 0, 2, 0, 0, 0, 1]
[0, 0, 0, 0, 2, 0, 0, 0, 0]
[0, 1, 0, 0, 2, 1, 0, 0, 1]
[0, 1, 0, 0, 2, 2, 0, 0, 2]
[0, 1, 0, 0, 0, 2, 0, 0, 0]
[0, 1, 1, 0, 0, 2, 1, 0, 1]
[0, 2, 1, 0, 0, 2, 1, 0, 2]
[0, 1, 1, 0, 0, 1, 1, 0, 1]
[0, 2, 2, 0, 0, 1, 1, 0, 2]
[0, 2, 0, 0, 0, 1, 1, 0, 0]
[2, 2, 0, 0, 2, 1, 1, 0, 2]
[2, 2, 0, 0, 1, 1, 1, 0, 1]
[2, 2, 0, 0, 2, 2, 1, 0, 2]
[2, 2, 0, 0, 1, 2, 1, 0, 1]
[2, 2, 0, 0, 1, 2, 0, 0, 0]
[2, 2, 2, 2, 1, 2, 0, 0, 2]
[2, 2, 2, 2, 1, 0, 0, 0, 0]
[2, 2, 2, 2, 1, 0, 2, 2, 2]
[2, 2, 2, 2, 1, 0, 0, 2, 0]
[2, 2, 2, 2, 1, 2, 2, 2, 2]
[2, 2, 2, 2, 1, 0, 2, 2, 0]
[2, 2, 2, 2, 1, 1, 2, 2, 1]
[2, 2, 2, 2, 2, 2, 2, 2, 2]
Goal!
The depth of goal: 25

No resolution found.

